0  10164056  10164577  Confirmed 
0  10204361  10204494  Confirmed 
0  11082344  11085513  Confirmed 
0  11454199  11454798  Confirmed 
0  11791812  11792896  Confirmed 
0  12231658  12238883  Confirmed 
0  12544338  12544932  Confirmed 
0  12596845  12597053  Confirmed 
0  12894471  12894671  Confirmed 
0  13521555  13522843  Confirmed 
0  13768117  13768370  Confirmed 
0  14172239  14172458  Unconfirmed 
0  1434187  1435491  Confirmed 
0  153714  155228  Unconfirmed 
0  15944998  15948170  Confirmed 
0  16264723  16284646  Confirmed 
0  1631349  1632283  Confirmed 
0  16414309  16416275  Confirmed 
0  16689283  16690706  Confirmed 
0  17077700  17078693  Confirmed 
0  18741929  18746697  Confirmed 
0  22160922  22173382  Confirmed 
0  23153724  23162933  Confirmed 
0  2397145  2400994  Confirmed 
0  2540641  2541141  Confirmed 
0  30811  31109  Confirmed 
0  3177872  3189471  Confirmed 
0  3185710  3196869  Confirmed 
0  5038513  5043130  Confirmed 
0  53912  54140  Confirmed 
0  6617562  6618756  Confirmed 
0  6853202  6857398  Confirmed 
0  7665669  7670924  Confirmed 
0  7937194  7937319  Confirmed 
0  8280380  8281789  Confirmed 
0  833632  833787  Confirmed 
0  8344311  8344720  Confirmed 
0  9935517  9935759  Confirmed 
1  10344910  10345378  Confirmed 
1  10348256  10350937  Confirmed 
1  1051430  1053425  Confirmed 
1  10585970  10587591  Confirmed 
1  10873174  10876328  Confirmed 
1  11412985  11416198  Confirmed 
1  11531806  11532092  Confirmed 
1  11616544  11627893  Confirmed 
1  11870953  11872819  Confirmed 
1  1198204  1198587  Confirmed 
1  12578204  12578940  Confirmed 
1  12589873  12593820  Confirmed 
1  13310476  13311857  Confirmed 
1  14056332  14056966  Confirmed 
1  14060197  14065508  Confirmed 
1  15377363  15379792  Confirmed 
1  16333002  16336287  Confirmed 
1  16475111  16476986  Confirmed 
1  16627714  16628834  Confirmed 
1  16969317  16969672  Confirmed 
1  16977546  16977980  Confirmed 
1  17477743  17483758  Confirmed 
1  17480309  17480964  Confirmed 
1  192491  193591  Confirmed 
1  20650681  20651896  Confirmed 
1  20851838  20856752  Confirmed 
1  20867709  20868709  Confirmed 
1  20994430  20995784  Confirmed 
1  21051596  21051807  Confirmed 
1  21888859  21890541  Confirmed 
1  21956133  21970142  Confirmed 
1  22142495  22143242  Confirmed 
1  22229672  22240590  Confirmed 
1  3639179  3642391  Confirmed 
1  3688301  3689997  Confirmed 
1  3748543  3748779  Confirmed 
1  4351735  4352527  Confirmed 
1  4507624  4509111  Confirmed 
1  4561989  4563943  Confirmed 
1  5026261  5027602  Unconfirmed 
1  7051842  7052051  Confirmed 
2  10699218  10701733  Confirmed 
2  10705351  10711729  Confirmed 
2  11199268  11201983  Confirmed 
2  11522584  11523299  Confirmed 
2  11551259  11554075  Confirmed 
2  1192252  1198186  Confirmed 
2  12091221  12095128  Confirmed 
2  1234222  1235055  Confirmed 
2  126303  128688  Confirmed 
2  1267547  1269515  Confirmed 
2  12873611  12874020  Confirmed 
2  1298866  1302456  Confirmed 
2  140351  143625  Confirmed 
2  14915735  14922064  Confirmed 
2  14916089  14925568  Confirmed 
2  14921170  14923118  Confirmed 
2  15320662  15324437  Confirmed 
2  15591344  15591787  Confirmed 
2  15595900  15596602  Confirmed 
2  16915401  16922730  Confirmed 
2  17014060  17017680  Confirmed 
2  17712761  17713480  Confirmed 
2  17738259  17744715  Confirmed 
2  17738426  17739224  Confirmed 
2  17742992  17744704  Confirmed 
2  18128177  18128325  Confirmed 
2  18340872  18341767  Confirmed 
2  19236665  19238004  Confirmed 
2  19575981  19576340  Confirmed 
2  1978655  1980831  Confirmed 
2  1978794  1978911  Confirmed 
2  20331116  20331457  Confirmed 
2  20346896  20349545  Confirmed 
2  20384228  20385080  Confirmed 
2  20556535  20557016  Confirmed 
2  20876827  20877288  Confirmed 
2  231409  236136  Confirmed 
2  2456185  2468412  Confirmed 
2  261487  266019  Confirmed 
2  2621213  2625329  Confirmed 
2  292319  294519  Confirmed 
2  312743  315531  Confirmed 
2  314045  314339  Confirmed 
2  3639973  3644389  Confirmed 
2  3686554  3691429  Confirmed 
2  414713  418549  Confirmed 
2  4606870  4621168  Confirmed 
2  543979  547207  Confirmed 
2  550564  555698  Confirmed 
2  568027  572649  Confirmed 
2  5933375  5933612  Unconfirmed 
2  60107  68217  Confirmed 
2  6275581  6278705  Confirmed 
2  6750316  6750822  Confirmed 
2  6888816  6889491  Confirmed 
2  6949028  6949167  Confirmed 
2  6990941  6992414  Confirmed 
2  7085103  7088180  Confirmed 
2  7488837  7490999  Confirmed 
2  7499905  7500222  Confirmed 
2  8218637  8220875  Confirmed 
2  8627195  8631730  Confirmed 
2  8628288  8637097  Confirmed 
2  8660527  8664855  Confirmed 
2  8693878  8697950  Confirmed 
2  901994  911580  Confirmed 
2  9395796  9395876  Confirmed 
2  9568935  9569008  Confirmed 
2  9576108  9579788  Confirmed 
2  9718894  9722579  Confirmed 
3  10097943  10098401  Confirmed 
3  10460172  10460672  Confirmed 
3  10486354  10487155  Confirmed 
3  10796998  10797687  Confirmed 
3  11367086  11367592  Confirmed 
3  12616185  12616299  Confirmed 
3  12994638  12995090  Confirmed 
3  14420131  14420863  Confirmed 
3  14759218  14759582  Confirmed 
3  15375448  15375633  Unconfirmed 
3  15709614  15709783  Confirmed 
3  15977640  15977783  Confirmed 
3  1616894  1617449  Confirmed 
3  16990151  16990245  Confirmed 
3  17669144  17670186  Confirmed 
3  18175136  18177496  Confirmed 
3  18218525  18219473  Confirmed 
3  18564946  18568426  Confirmed 
3  18729973  18730230  Confirmed 
3  18804671  18805512  Confirmed 
3  18808010  18808880  Confirmed 
3  19744296  19744448  Confirmed 
3  19810217  19810349  Confirmed 
3  19859038  19866130  Confirmed 
3  20188603  20189100  Confirmed 
3  20640778  20646886  Confirmed 
3  20651169  20654842  Confirmed 
3  20761443  20768078  Confirmed 
3  2094815  2098815  Confirmed 
3  21252134  21270342  Confirmed 
3  2140691  2142534  Unconfirmed 
3  2263061  2263383  Confirmed 
3  254858  255317  Confirmed 
3  3108853  3131554  Confirmed 
3  3623232  3623498  Confirmed 
3  5168928  5171821  Confirmed 
3  6027171  6028326  Confirmed 
3  6034154  6034546  Confirmed 
3  6979162  6979796  Confirmed 
3  804465  805608  Confirmed 
3  8277294  8278561  Confirmed 
3  8318145  8319291  Confirmed 
3  8487649  8487996  Confirmed 
3  8820786  8821159  Confirmed 
3  8884830  8887709  Confirmed 
3  8950320  8954906  Confirmed 
3  9088715  9093202  Confirmed 
3  9681452  9681634  Confirmed 
4  1186917  1188829  Confirmed 
4  13241336  13242118  Confirmed 
4  15552304  15553023  Unconfirmed 
4  15663794  15666868  Confirmed 
4  16043571  16043673  Unconfirmed 
4  18193659  18194827  Unconfirmed 
4  18673427  18675156  Confirmed 
4  2023060  2028629  Confirmed 
4  20409220  20411134  Confirmed 
4  20485903  20487331  Unconfirmed 
4  20559041  20560656  Confirmed 
4  21424020  21428007  Confirmed 
4  21429925  21436347  Confirmed 
4  22760322  22770287  Confirmed 
4  23366420  23367313  Confirmed 
4  23607275  23608177  Confirmed 
4  23658033  23658366  Confirmed 
4  26177720  26178192  Confirmed 
4  266586  268681  Confirmed 
4  27011171  27012610  Confirmed 
4  28773101  28773775  Confirmed 
4  28797150  28798631  Confirmed 
4  3154223  3156822  Confirmed 
4  3787223  3792365  Confirmed 
4  4654986  4664367  Confirmed 
4  5615032  5620106  Confirmed 
4  5724571  5726351  Confirmed 
4  7924375  7924526  Unconfirmed 
4  7952062  7952972  Confirmed 
4  8486213  8489486  Confirmed 
5  218441  224383  Confirmed 
5  357041  357831  Confirmed 
5  631600  632724  Confirmed 
