0  11082344  11085513  Confirmed 
0  11454199  11454798  Confirmed 
0  1172484  1179048  Confirmed 
0  11791812  11792896  Confirmed 
0  11841757  11854748  Confirmed 
0  12544338  12544932  Confirmed 
0  13913653  13913789  Confirmed 
0  14602982  14605035  Confirmed 
0  14666251  14666591  Confirmed 
0  15944998  15948170  Confirmed 
0  1631349  1632283  Confirmed 
0  16389408  16389696  Confirmed 
0  16689283  16690706  Confirmed 
0  1895238  1897322  Confirmed 
0  19273842  19287114  Confirmed 
0  19275592  19288918  Confirmed 
0  20096795  20097291  Confirmed 
0  20848448  20861465  Confirmed 
0  21013871  21014444  Confirmed 
0  21629444  21649018  Confirmed 
0  2198623  2199007  Confirmed 
0  22634141  22643599  Confirmed 
0  23060739  23073112  Confirmed 
0  23296027  23298592  Confirmed 
0  2397145  2400994  Confirmed 
0  2540641  2541141  Confirmed 
0  26147  26547  Confirmed 
0  4843038  4844658  Confirmed 
0  6853202  6857398  Confirmed 
0  6884747  6887564  Confirmed 
0  8272090  8281797  Confirmed 
0  8280380  8281789  Confirmed 
0  833632  833787  Confirmed 
0  9245383  9245534  Confirmed 
1  10585970  10587591  Confirmed 
1  10873174  10876328  Confirmed 
1  115508  115741  Confirmed 
1  11616544  11627893  Confirmed 
1  11727945  11728382  Confirmed 
1  12540167  12540379  Confirmed 
1  12589873  12593820  Confirmed 
1  12770060  12770210  Confirmed 
1  13058912  13060325  Confirmed 
1  14060529  14065910  Confirmed 
1  146434  147628  Confirmed 
1  15118394  15122003  Confirmed 
1  15197583  15197769  Confirmed 
1  15412553  15414703  Confirmed 
1  17477743  17483758  Confirmed 
1  18562314  18563395  Confirmed 
1  1859793  1864418  Confirmed 
1  18911824  18912498  Confirmed 
1  20258194  20258833  Confirmed 
1  20585587  20586694  Confirmed 
1  20592453  20594586  Confirmed 
1  20701045  20702768  Confirmed 
1  20851838  20856752  Confirmed 
1  20867709  20868709  Confirmed 
1  21051596  21051807  Confirmed 
1  21069963  21070572  Confirmed 
1  21070137  21072585  Confirmed 
1  21762468  21778962  Confirmed 
1  21767680  21782352  Confirmed 
1  21860804  21864242  Confirmed 
1  21869589  21890488  Confirmed 
1  21869791  21882786  Confirmed 
1  21888859  21890541  Confirmed 
1  22076307  22081156  Confirmed 
1  22142495  22143242  Confirmed 
1  22183097  22188165  Confirmed 
1  22229672  22240590  Confirmed 
1  22250930  22252868  Confirmed 
1  2726172  2731718  Confirmed 
1  4450246  4457268  Confirmed 
1  4561989  4563943  Confirmed 
1  463976  465681  Confirmed 
1  4707565  4707730  Confirmed 
1  5823306  5823695  Confirmed 
1  617863  618163  Confirmed 
1  6924773  6926435  Confirmed 
1  7043543  7048586  Confirmed 
1  7051842  7052051  Confirmed 
1  8569299  8569585  Confirmed 
1  8985224  8985885  Confirmed 
1  9638666  9639796  Confirmed 
1  964546  964895  Confirmed 
1  966613  966984  Confirmed 
2  10455751  10459056  Confirmed 
2  10705351  10711729  Confirmed 
2  10880419  10881086  Confirmed 
2  11060164  11061595  Confirmed 
2  11199268  11201983  Confirmed 
2  11216791  11218480  Confirmed 
2  11522584  11523299  Confirmed 
2  1192252  1198186  Confirmed 
2  12175793  12177566  Confirmed 
2  126303  128688  Confirmed 
2  1267547  1269515  Confirmed 
2  1283153  1285342  Confirmed 
2  1298866  1302456  Confirmed 
2  13042582  13049000  Confirmed 
2  13363163  13365446  Confirmed 
2  14915735  14922064  Confirmed 
2  14921170  14923118  Confirmed 
2  15591344  15591787  Confirmed 
2  156663  160152  Confirmed 
2  16500301  16500424  Confirmed 
2  17247998  17250046  Confirmed 
2  17738237  17742990  Confirmed 
2  17738426  17739224  Confirmed 
2  18125382  18132084  Confirmed 
2  181342  188388  Confirmed 
2  18340872  18341767  Confirmed 
2  184295  191096  Confirmed 
2  19236665  19238004  Confirmed 
2  20231452  20233075  Confirmed 
2  20346896  20349545  Confirmed 
2  20556535  20557016  Confirmed 
2  20677934  20678137  Confirmed 
2  223648  228167  Confirmed 
2  3566713  3567064  Confirmed 
2  363102  367650  Confirmed 
2  408041  414129  Confirmed 
2  4493045  4496695  Confirmed 
2  5069393  5069967  Unconfirmed 
2  5266448  5267383  Unconfirmed 
2  5347302  5349788  Confirmed 
2  543979  547207  Confirmed 
2  550564  555698  Confirmed 
2  5986750  5988343  Confirmed 
2  624166  625665  Confirmed 
2  6618311  6618962  Confirmed 
2  664616  665800  Confirmed 
2  6888816  6889491  Confirmed 
2  7486324  7489683  Confirmed 
2  7499439  7501545  Confirmed 
2  79391  104308  Confirmed 
2  8432422  8439919  Confirmed 
2  8627195  8631730  Confirmed 
2  8693878  8697950  Confirmed 
2  898282  901648  Confirmed 
2  901994  911580  Confirmed 
2  9371320  9371618  Confirmed 
2  9718894  9722579  Confirmed 
3  10097943  10098401  Confirmed 
3  10460172  10460672  Confirmed 
3  10796998  10797687  Confirmed 
3  11399149  11401565  Confirmed 
3  11401395  11401551  Confirmed 
3  13545130  13546858  Confirmed 
3  13959936  13960145  Confirmed 
3  14759218  14759582  Confirmed 
3  15899218  15899373  Confirmed 
3  15958742  15959096  Confirmed 
3  1616894  1617449  Confirmed 
3  16990151  16990245  Confirmed 
3  17554023  17554145  Confirmed 
3  17844417  17845634  Confirmed 
3  18352108  18352385  Confirmed 
3  18364150  18364287  Confirmed 
3  18481444  18482823  Confirmed 
3  18803792  18803955  Confirmed 
3  18808010  18808880  Confirmed 
3  18810158  18810616  Confirmed 
3  19154275  19154340  Confirmed 
3  20640778  20646886  Confirmed 
3  20761443  20768078  Confirmed 
3  21247532  21253286  Confirmed 
3  21252863  21277771  Confirmed 
3  21269788  21269996  Confirmed 
3  21426382  21432450  Confirmed 
3  2263061  2263383  Confirmed 
3  2538959  2540881  Confirmed 
3  2808  3095  Confirmed 
3  2911420  2911676  Confirmed 
3  3429367  3429542  Confirmed 
3  5076711  5077409  Confirmed 
3  6027171  6028326  Confirmed 
3  6457644  6459528  Confirmed 
3  6844781  6845813  Confirmed 
3  7531990  7532616  Confirmed 
3  8318145  8319291  Confirmed 
3  8783493  8784480  Confirmed 
3  8880918  8884990  Confirmed 
3  8950320  8954906  Confirmed 
3  9092346  9093590  Confirmed 
3  9681452  9681634  Confirmed 
4  10734970  10739334  Confirmed 
4  12277325  12278940  Confirmed 
4  12581548  12584840  Confirmed 
4  12761596  12766053  Confirmed 
4  12761603  12764289  Confirmed 
4  17211800  17212227  Confirmed 
4  18267617  18268749  Confirmed 
4  18698235  18698511  Confirmed 
4  2023060  2028629  Confirmed 
4  20559041  20560656  Confirmed 
4  21424020  21428007  Confirmed 
4  22065875  22066346  Confirmed 
4  23173632  23174079  Confirmed 
4  23189294  23190180  Confirmed 
4  23366731  23366855  Confirmed 
4  25034917  25051968  Confirmed 
4  25036642  25044043  Confirmed 
4  25372683  25379092  Confirmed 
4  26016459  26016872  Confirmed 
4  26042644  26043641  Confirmed 
4  265441  269975  Confirmed 
4  26908959  26909533  Confirmed 
4  27377585  27377782  Confirmed 
4  28797150  28798631  Confirmed 
4  3575739  3578766  Confirmed 
4  3787223  3792365  Confirmed 
4  4398247  4408273  Confirmed 
4  4654986  4664367  Confirmed 
4  5615032  5620106  Confirmed 
4  5724571  5726351  Confirmed 
4  6410021  6415561  Confirmed 
4  7107602  7112387  Confirmed 
4  7811211  7812300  Confirmed 
4  7927779  7928259  Confirmed 
4  7927779  7930632  Confirmed 
4  7952136  7953645  Confirmed 
5  218441  224383  Confirmed 
