0  11841757  11854748  Confirmed 
0  12173462  12175684  Unconfirmed 
0  12894471  12894671  Confirmed 
0  13385592  13386716  Confirmed 
0  1341315  1341538  Confirmed 
0  15023729  15026407  Confirmed 
0  1631349  1632283  Confirmed 
0  16520655  16536465  Confirmed 
0  16525247  16536468  Confirmed 
0  18450050  18452705  Confirmed 
0  22160922  22173382  Confirmed 
0  4748069  4750627  Confirmed 
0  4779400  4780127  Confirmed 
0  6615959  6616840  Confirmed 
0  8234774  8235082  Confirmed 
0  8269178  8271229  Confirmed 
0  8735178  8735793  Confirmed 
1  10585970  10587591  Confirmed 
1  12184365  12184462  Confirmed 
1  12589873  12593820  Confirmed 
1  13575223  13575590  Confirmed 
1  13658567  13660529  Confirmed 
1  14059272  14059723  Confirmed 
1  15037862  15038705  Confirmed 
1  16173723  16173986  Confirmed 
1  1689506  1689665  Confirmed 
1  19375059  19376388  Confirmed 
1  19481376  19484185  Confirmed 
1  19846732  19846992  Confirmed 
1  20405582  20408626  Confirmed 
1  20585587  20586694  Confirmed 
1  20867709  20868709  Confirmed 
1  21138581  21141816  Confirmed 
1  21392066  21396534  Confirmed 
1  21860804  21864242  Confirmed 
1  21981789  21983449  Confirmed 
1  22142495  22143242  Confirmed 
1  22183097  22188165  Confirmed 
1  22202637  22205208  Confirmed 
1  22229672  22240590  Confirmed 
1  2229899  2234096  Confirmed 
1  2420441  2420599  Confirmed 
1  5104537  5104808  Unconfirmed 
1  5725980  5726127  Unconfirmed 
1  7051842  7052051  Confirmed 
2  10699218  10701733  Confirmed 
2  10705351  10711729  Confirmed 
2  11199268  11201983  Confirmed 
2  11275346  11277426  Confirmed 
2  1131987  1133889  Confirmed 
2  11522584  11523299  Confirmed 
2  1192252  1198186  Confirmed 
2  126303  128688  Confirmed 
2  12873611  12874020  Confirmed 
2  1298866  1302456  Confirmed 
2  13593056  13597666  Confirmed 
2  15447621  15450093  Confirmed 
2  17738237  17742990  Confirmed 
2  189694  195893  Confirmed 
2  20384228  20385080  Confirmed 
2  21031498  21031658  Confirmed 
2  2450808  2456264  Confirmed 
2  2456185  2468412  Confirmed 
2  3530693  3530879  Confirmed 
2  3600589  3603993  Confirmed 
2  4871836  4872286  Unconfirmed 
2  550564  555698  Confirmed 
2  664616  665800  Confirmed 
2  6990941  6992414  Confirmed 
2  8627195  8631730  Confirmed 
2  8693878  8697950  Confirmed 
2  8762236  8764448  Confirmed 
2  898282  901648  Confirmed 
2  9302688  9307472  Confirmed 
2  9718894  9722579  Confirmed 
3  10060151  10060351  Confirmed 
3  11042137  11042331  Confirmed 
3  11399149  11401565  Confirmed 
3  11399250  11399374  Confirmed 
3  11401395  11401551  Confirmed 
3  12994638  12995090  Confirmed 
3  14420131  14420863  Confirmed 
3  15977640  15977783  Confirmed 
3  16469587  16470148  Confirmed 
3  18810158  18810616  Confirmed 
3  19027974  19028125  Confirmed 
3  1914150  1915867  Confirmed 
3  19466157  19466283  Confirmed 
3  19934644  19934827  Confirmed 
3  20640778  20646886  Confirmed 
3  20676848  20686617  Confirmed 
3  21426382  21432450  Confirmed 
3  291478  293921  Confirmed 
3  3429367  3429542  Confirmed 
3  3720837  3721117  Confirmed 
3  6027171  6028326  Confirmed 
3  6034154  6034546  Confirmed 
3  63087  65284  Confirmed 
3  6686813  6687881  Confirmed 
3  6870847  6871139  Confirmed 
3  6954658  6955050  Confirmed 
3  7163081  7187882  Confirmed 
3  7609261  7613569  Confirmed 
3  8318145  8319291  Confirmed 
3  8767079  8767219  Confirmed 
3  8950320  8954906  Confirmed 
3  9088715  9093202  Confirmed 
3  9681452  9681634  Confirmed 
4  10546945  10548114  Unconfirmed 
4  12954570  12954778  Confirmed 
4  14703209  14705506  Confirmed 
4  16597197  16599213  Confirmed 
4  17211800  17212227  Confirmed 
4  18267617  18268749  Confirmed 
4  19721096  19721470  Confirmed 
4  20679513  20679786  Confirmed 
4  21429925  21436347  Confirmed 
4  22065875  22066346  Confirmed 
4  24264897  24268002  Confirmed 
4  25034917  25051968  Confirmed 
4  25372683  25379092  Confirmed 
4  26969738  26971104  Confirmed 
4  27011171  27012610  Confirmed 
4  27156036  27156149  Confirmed 
4  27861882  27865392  Confirmed 
4  27982410  27982551  Confirmed 
4  28728373  28728972  Confirmed 
4  28797150  28798631  Confirmed 
4  456693  474667  Confirmed 
4  6706787  6720136  Confirmed 
4  7832431  7833298  Unconfirmed 
4  9234367  9234559  Confirmed 
5  181016  183366  Confirmed 
5  218441  224383  Confirmed 
