0  10560993  10561420  Confirmed 
0  11082344  11085513  Confirmed 
0  11612604  11613733  Confirmed 
0  1360250  1360761  Confirmed 
0  13803259  13804705  Confirmed 
0  14253136  14253504  Confirmed 
0  15042152  15042820  Confirmed 
0  15139699  15140490  Confirmed 
0  15792832  15793011  Confirmed 
0  15944832  15946907  Confirmed 
0  1631349  1632283  Confirmed 
0  16689283  16690706  Confirmed 
0  18741929  18746697  Confirmed 
0  2242665  2243279  Confirmed 
0  23446196  23449515  Confirmed 
0  282949  286511  Confirmed 
0  4652609  4652847  Unconfirmed 
0  4779400  4780127  Confirmed 
0  6853202  6857398  Confirmed 
0  8280380  8281789  Confirmed 
0  8645355  8645729  Confirmed 
1  13658567  13660529  Unconfirmed 
1  1859793  1864418  Confirmed 
1  19375059  19376388  Confirmed 
1  20187122  20187297  Unconfirmed 
1  20361093  20361828  Confirmed 
1  20585587  20586694  Confirmed 
1  20625603  20627567  Confirmed 
1  20633316  20634367  Confirmed 
1  20867709  20868709  Confirmed 
1  21860804  21864242  Confirmed 
1  21888859  21890541  Confirmed 
1  22142495  22143242  Confirmed 
1  22217615  22221738  Confirmed 
1  22229672  22240590  Confirmed 
1  4561989  4563943  Confirmed 
1  481149  481530  Unconfirmed 
1  7051842  7052051  Confirmed 
1  9635539  9643235  Confirmed 
1  966613  966984  Confirmed 
2  11199268  11201983  Confirmed 
2  11522584  11523299  Confirmed 
2  1220523  1223522  Confirmed 
2  1254226  1254666  Confirmed 
2  126303  128688  Confirmed 
2  13052601  13054893  Confirmed 
2  18125382  18132084  Confirmed 
2  187210  187430  Confirmed 
2  20346896  20349545  Confirmed 
2  20547562  20548621  Unconfirmed 
2  20556535  20557016  Confirmed 
2  21100065  21101659  Confirmed 
2  2450808  2456264  Confirmed 
2  2456185  2468412  Confirmed 
2  543979  547207  Confirmed 
2  550564  555698  Confirmed 
2  5880254  5883193  Confirmed 
2  5986750  5988343  Confirmed 
2  6887339  6887770  Confirmed 
2  831842  836470  Confirmed 
2  8627195  8631730  Confirmed 
2  8693878  8697950  Confirmed 
2  898282  901648  Confirmed 
2  9718894  9722579  Confirmed 
3  12616185  12616299  Confirmed 
3  12994638  12995090  Confirmed 
3  13253505  13253606  Confirmed 
3  14183464  14183685  Confirmed 
3  15375448  15375633  Unconfirmed 
3  17439344  17439758  Unconfirmed 
3  18352108  18352385  Confirmed 
3  18633734  18634217  Confirmed 
3  18729973  18730230  Confirmed 
3  19810217  19810349  Confirmed 
3  20074771  20074908  Unconfirmed 
3  20761443  20768078  Confirmed 
3  21252863  21277771  Confirmed 
3  2263061  2263383  Confirmed 
3  2911420  2911676  Confirmed 
3  291478  293921  Confirmed 
3  3050809  3051184  Confirmed 
3  6027171  6028326  Confirmed 
3  6034154  6034546  Confirmed 
3  6694567  6695032  Confirmed 
3  6979162  6979796  Confirmed 
4  12685410  12688723  Confirmed 
4  17035562  17038719  Confirmed 
4  17211800  17212227  Confirmed 
4  17786235  17790099  Confirmed 
4  18267617  18268749  Confirmed 
4  18382396  18384823  Confirmed 
4  22065875  22066346  Confirmed 
4  23908007  23911565  Confirmed 
4  25372683  25379092  Confirmed 
4  26616440  26618338  Confirmed 
4  26908959  26909533  Confirmed 
4  28773101  28773775  Unconfirmed 
4  28797150  28798631  Confirmed 
4  4654986  4664367  Confirmed 
4  5928252  5928605  Confirmed 
